281.91145207505315 8360.437675933414
301.6074414540078 6509.785152544122
321.30343083296225 4952.710782095471
340.9994202119167 3838.5600898185103
360.69540959087135 3016.6888429074424
384.3305968456168 2284.517890496506
400.08738834878045 1806.5074551265911
424.7073750724735 1410.9736731709331
453.26655967195757 1064.5673544234894
473.9473485198598 851.4946587480435
493.6433378988145 691.2417529044563
514.3241267467165 560.6289811822643
542.8833113462008 453.43367074436236
574.8892940870019 349.8056955944373
593.7646172418331 295.6068876935131
624.1292675343882 232.67379735056053
643.0045906892194 196.62337677421226
669.9224428404575 154.90681774984841
705.3752237225756 122.19192833875263
720.1472157567914 100.58364066240215
754.6151971699619 81.27614938873872
784.1591812383938 65.47226691167135
813.7031653068254 53.39710095396915
843.2471493752573 43.81885253853995
877.7151307884276 34.65023588358113
912.1831122015981 27.400052197437578
941.7270962700297 22.48509423428854
976.1950776832002 17.780333667966197
1015.5870564411096 13.716806642113365
1054.9790351990184 10.829975049871848
1094.3710139569273 8.51117714389071
1133.7629927148366 6.782481234128445
1173.1549714727455 5.33028921977662
1212.5469502306548 4.18902495793161
1251.9389289885637 3.3381966661169615
1291.3309077464726 2.660179180975012
1330.722886504382 2.1495455830577823
1370.1148652622908 1.7289011459049324
1409.5068440202 1.3905725916541458
1448.898822778109 1.1132812693286882
1488.2908015360183 0.8995818222700847
1527.6827802939272 0.7269029644653456
1567.074759051836 0.5900984512189998
1606.4667378097454 0.4768263463072919
1645.8587165676543 0.38708672575479863
1685.2506953255636 0.3142362715817904
1729.5666714282113 0.2504120850798909
1773.8826475308585 0.19679653972159455
1818.1986236335063 0.1575537320781888
1862.514599736154 0.12497277125648833
1901.9065784940633 0.10239717304747151
1941.2985572519722 0.08389972425749065
1980.6905360098815 0.0687437311108149
2038.0811535262044 0.05093228695166779
2005.3105227335743 0.0601004036899746
2065.805347254649 0.04328067020432923
2116.1004629901936 0.03512818991474546
2088.2958431715233 0.040232088908967505
2167.8024351099493 0.02659001558161031
2212.1184112125966 0.021287753315309927
2256.4343873152447 0.017042804650588498
2300.750363417892 0.013644332779318136
2349.9903368652786 0.010683281300782502
2399.230310312665 0.008395891884353971
2443.5462864153124 0.0067466454432480545
2487.8622625179605 0.005401310257262621
2537.102235965347 0.004229134381609695
2586.3422094127327 0.003335980254446309
2635.5821828601192 0.0026120159958372803
2684.822156307506 0.002060382338357972
2734.0621297548923 0.001613244448362265
2783.302103202278 0.0012725421184850692
2832.5420766496645 0.0010037929744388177
2881.782050097051 0.0007918011678326617
2931.0220235444376 0.0006268995194237851
2980.261996991824 0.0004926745294116746
3029.50197043921 0.0003886262184367866
3078.7419438865963 0.0003088330057960164
3127.981917333983 0.00024361032691154892
3177.2218907813694 0.00019216207550416383
3226.461864228755 0.00015270712206877227
3275.7018376761416 0.00012090411750659974
3324.941811123528 0.00009572445235047052
3374.1817845709147 0.00007607019018553915
3423.4217580183004 0.00006045136527579887
3472.661731465687 0.0000478616771223544
3521.9017049130734 0.000037753732896065345
3571.14167836046 0.00002989108626068513
3620.3816518078465 0.000023665925706033696
3669.621625255232 0.00001866790074153948
3718.8615987026187 0.00001478009692200309
3763.177574805266 0.00001192087528693905
3792.721558873698 0.000010470434383814911

