1005.9502664298416 9668.99001675808
1043.516873889877 7491.405396902908
1068.6500888099472 6768.781477171491
1100 5767.082600223526
1150 4640.965280881218
1200 3377.8207882596503
1231.3499111900528 2976.7407525374683
1255.7726465364121 2575.3438017925346
1300 1986.9369987773505
1350 1496.156458999567
1400 1338.1532619111672
1450 1106.3960460728072
1454.7069271758437 920.2008254605184
1499.9999999999995 730.6692615208171
1550 610.7585857641355
1600 449.73785956652205
1674.8667850799297 340.03973408211476
1724.8667850799297 271.029327097628
1781.0834813499123 211.40058205811494
1843.5168738898765 164.782832130418
1881.0834813499118 138.4868483725293
1924.8667850799293 115.09061470630918
1981.0834813499118 87.48848549189043
2000 81.68726176180766
2050 64.18793124877004
2099.9999999999995 50.71272960650519
2150 39.34050159507733
2200 31.817634405228564
2250 26.464168226280762
2300 20.916415297544408
2350 16.383561877600226
2387.211367673179 15.717673457654548
2412.078152753108 13.659669154206457
2443.516873889874 11.989676910925509
2493.516873889874 9.314717427549985
2524.8667850799284 8.38301614404398
2549.9999999999995 7.104916609668063
2599.9999999999995 5.88464507382822
2631.3499111900537 5.38251284753316
2699.9999999999995 3.972201669284371
2725.1332149200716 3.5237918479957817
2775.1332149200725 2.9211959314146294
2809.9467140319716 2.3090383777601424
2850.0000000000005 1.9262969169239812
2899.9999999999995 1.587149755341446
2950.0000000000005 1.2881122097969797
3000.0000000000005 1.059275703148128
3050.0000000000005 0.8013296765920945
3100.0000000000005 0.6541880691446953
3150.0000000000005 0.5426575741466488
3200.0000000000005 0.43642421518117
3250.0000000000005 0.3277461329325263
3300.0000000000005 0.2514592415009845
3350.0000000000005 0.18635437918767483
3400.0000000000005 0.15541012542663193
3450.0000000000005 0.12362414146691263
3500.0000000000005 0.09585051460111886
3549.9999999999995 0.07284267056356455
3600.0000000000005 0.058123463832704156
3650.0000000000005 0.04228158123614526
3700.0000000000005 0.03597662989329815
3750.0000000000005 0.026704150777896913
3800.0000000000005 0.018471010418711145
3850.0000000000005 0.014914264937764085
3900.0000000000005 0.010538895041511639
3950.0000000000005 0.00871268816484697
4000.0000000000005 0.006242819810339102
4050.0000000000005 0.005063067834798688
4100 0.0037084130516610767
4150 0.002726570975917421
4200 0.0022375743393969654
4250 0.0016279079275948148
4277.087033747779 0.0012967815327102992
4300 0.0009938852589284398
4339.253996447602 0.0008122814703356771
4362.433392539964 0.000688252214543201
4400 0.0005211881599985296
4438.721136767319 0.00044217908241588484
4450 0.0003736996198919132
4500 0.00030276161824987086
4537.566607460036 0.0002367859410024478
4575.133214920072 0.0001823675022023665
4594.049733570162 0.0001567348939106627
4612.788632326821 0.0001310332430424847
4644.049733570162 0.00011224806761773869
4674.955595026642 0.00008207695177378777
4712.699822380107 0.00006830064402943335
4756.483126110126 0.000047796464197833046
4786.8561278863235 0.000038829767089891766
4812.699822380107 0.000029049042034874946
4836.589698046182 0.00002432229292982646
4862.699822380107 0.0000204703765912984
4875.399644760217 0.000017966712432232847
4898.756660746003 0.000015235062625917307
4912.9662522202525 0.000013417770792743207
4925.66607460036 0.000012257021685503856
4936.056838365897 0.000010478907990833566
